34675.174106	29534.393134	0.000000	5140.780972	0	104	
29370.252688	25412.429928	0.000000	3957.822760	1	104	
31054.465960	25097.357601	0.000000	5957.108359	2	104	
36918.010993	31296.110958	0.000000	5621.900035	3	104	
31669.235238	28132.449692	0.000000	3536.785546	4	104	
30335.462928	26700.861850	0.000000	3634.601079	5	104	
26275.615891	22106.932046	0.000000	4168.683845	6	104	
31264.796834	27528.682810	0.000000	3736.114024	7	104	
28075.148969	24872.908504	0.000000	3202.240466	8	104	
30393.398362	26005.067814	0.000000	4388.330548	9	104	
41639.728921	34006.164878	0.000000	7633.564043	10	104	
37665.559981	31367.577368	0.000000	6297.982614	11	104	
35830.981806	29273.189114	0.000000	6557.792693	12	104	
25900.247743	25162.785880	0.000000	737.461863	13	104	
41225.989369	33713.099512	0.000000	7512.889857	14	104	
42817.588647	39796.392691	0.000000	3021.195955	15	104	
36303.108920	31979.250805	0.000000	4323.858115	16	104	
37420.468482	30751.188161	0.000000	6669.280321	17	104	
35032.384689	29517.586234	0.000000	5514.798455	18	104	
30980.089947	28593.860075	0.000000	2386.229872	19	104	
48324.535866	39796.392691	0.000000	8528.143174	20	104	
28170.030966	23764.541549	0.000000	4405.489417	21	104	
30408.391410	25334.305876	0.000000	5074.085533	22	104	
34055.289188	26041.329804	0.000000	8013.959383	23	104	
25740.866516	22918.178258	0.000000	2822.688258	24	104	
37155.549243	28254.180753	0.000000	8901.368490	25	104	
37031.726380	28822.975866	0.000000	8208.750514	26	104	
37009.766976	34694.528544	0.000000	2315.238433	27	104	
30818.571953	27666.479790	0.000000	3152.092162	28	104	
40504.673614	34199.223115	0.000000	6305.450499	29	104	
31068.995800	30210.807010	0.000000	858.188790	30	104	
37387.645792	29279.662072	0.000000	8107.983720	31	104	
38240.114254	32999.665323	0.000000	5240.448931	32	104	
33698.524420	27891.374258	0.000000	5807.150162	33	104	
36834.108311	28385.407997	0.000000	8448.700314	34	104	
32148.416899	26195.047013	0.000000	5953.369886	35	104	
35179.099327	27899.878902	0.000000	7279.220425	36	104	
39322.604376	33931.423707	0.000000	5391.180668	37	104	
34694.822169	31124.557753	0.000000	3570.264416	38	104	
32249.062271	28451.863171	0.000000	3797.199099	39	104	
29370.904254	26135.765154	0.000000	3235.139101	40	104	
26037.512838	22703.042565	0.000000	3334.470273	41	104	
31640.481311	27969.642170	0.000000	3670.839141	42	104	
26544.515173	26028.691560	0.000000	515.823613	43	104	
28273.190953	26240.104629	0.000000	2033.086324	44	104	
33482.607481	29557.368507	0.000000	3925.238974	45	104	
27363.917479	25721.741788	0.000000	1642.175691	46	104	
28086.293670	26768.600989	0.000000	1317.692680	47	104	
28286.071050	26312.349185	0.000000	1973.721865	48	104	
35535.096174	29186.317315	0.000000	6348.778859	49	104	
37601.142765	29297.909660	0.000000	8303.233105	50	104	
32946.578501	28016.466535	0.000000	4930.111966	51	104	
31209.341266	26688.660676	0.000000	4520.680590	52	104	
30105.870050	27136.724382	0.000000	2969.145668	53	104	
27491.698592	25685.972146	0.000000	1805.726447	54	104	
37703.593276	31326.166522	0.000000	6377.426754	55	104	
32146.287250	31554.296541	0.000000	591.990709	56	104	
30468.737392	26283.616128	0.000000	4185.121265	57	104	
32209.859649	26629.106115	0.000000	5580.753533	58	104	
34470.349956	27386.380376	0.000000	7083.969579	59	104	
28468.245808	26234.252746	0.000000	2233.993062	60	104	
26130.696238	24736.524800	0.000000	1394.171439	61	104	
30625.733687	25276.385876	0.000000	5349.347811	62	104	
30126.470431	25353.164449	0.000000	4773.305982	63	104	
24993.453428	23247.061433	0.000000	1746.391995	64	104	
37482.987459	28433.575710	0.000000	9049.411749	65	104	
26979.658217	25268.053999	0.000000	1711.604218	66	104	
28750.499618	27631.138640	0.000000	1119.360978	67	104	
28891.846738	28387.869556	0.000000	503.977182	68	104	
28433.592195	24547.513451	0.000000	3886.078743	69	104	
30944.168465	28713.429349	0.000000	2230.739115	70	104	
32234.957811	28082.654233	0.000000	4152.303578	71	104	
29224.433859	25652.165113	0.000000	3572.268747	72	104	
25964.404218	22412.795850	0.000000	3551.608368	73	104	
29309.943456	25824.717926	0.000000	3485.225531	74	104	
34364.125508	31782.136158	0.000000	2581.989349	75	104	
35221.188617	30446.313016	0.000000	4774.875600	76	104	
37037.795429	32377.563997	0.000000	4660.231432	77	104	
38574.609700	33963.329509	0.000000	4611.280191	78	104	
33099.175381	27063.645164	0.000000	6035.530217	79	104	
38407.777105	30964.758833	0.000000	7443.018272	80	104	
42610.198301	38405.283439	0.000000	4204.914862	81	104	
36279.176264	30794.637085	0.000000	5484.539178	82	104	
33682.908906	25397.949944	0.000000	8284.958962	83	104	
28925.782526	25899.297271	0.000000	3026.485255	84	104	
22693.893986	20461.252053	0.000000	2232.641933	85	104	
33941.040788	28793.054288	0.000000	5147.986500	86	104	
37445.865769	30397.928766	0.000000	7047.937003	87	104	
32789.688837	30133.745690	0.000000	2655.943147	88	104	
37727.455346	31232.287141	0.000000	6495.168204	89	104	
33042.359192	28264.330938	0.000000	4778.028254	90	104	
41071.121111	33841.666222	0.000000	7229.454890	91	104	
37814.403304	32540.095388	0.000000	5274.307917	92	104	
29155.407276	24319.941942	0.000000	4835.465334	93	104	
30888.037395	26225.872877	0.000000	4662.164519	94	104	
24283.100488	21285.969693	0.000000	2997.130795	95	104	
27527.443648	25349.200090	0.000000	2178.243558	96	104	
28683.036017	25432.028481	0.000000	3251.007536	97	104	
37448.560934	29486.972336	0.000000	7961.588598	98	104	
31713.864283	27942.950733	0.000000	3770.913550	99	104	
35377.088601	28567.000129	0.000000	6810.088472	100	104	
25951.816137	23574.068463	0.000000	2377.747674	101	104	
34629.115282	27447.048170	0.000000	7182.067112	102	104	
25042.761745	23445.282481	0.000000	1597.479264	103	104	
39309.046208	0.000000	33357.390808	5951.655400	104	105	
33736.367849	0.000000	29450.927381	4285.440467	104	106	
28105.617747	0.000000	25686.282095	2419.335653	104	107	
32495.178276	0.000000	25325.816519	7169.361757	104	108	
29410.470548	0.000000	28636.378823	774.091726	104	109	
25175.498833	0.000000	23024.401439	2151.097394	104	110	
30967.228480	0.000000	26861.284861	4105.943619	104	111	
41584.864101	0.000000	34422.472322	7162.391779	104	112	
30746.814737	0.000000	26705.674181	4041.140557	104	113	
23662.854296	0.000000	21484.090885	2178.763411	104	114	
39034.975817	0.000000	32516.846944	6518.128873	104	115	
28736.945120	0.000000	25611.426763	3125.518357	104	116	
31681.227372	0.000000	26697.694088	4983.533285	104	117	
35903.519538	0.000000	27709.069404	8194.450134	104	118	
35547.259072	0.000000	31569.162039	3978.097033	104	119	
40058.066247	0.000000	35054.066947	5003.999301	104	120	
30135.292158	0.000000	28057.263044	2078.029114	104	121	
32352.279550	0.000000	28850.380494	3501.899056	104	122	
27072.584727	0.000000	25361.979571	1710.605156	104	123	
35960.706706	0.000000	30499.798906	5460.907800	104	124	
32349.131846	0.000000	26473.492306	5875.639540	104	125	
29098.212356	0.000000	26494.809583	2603.402773	104	126	
34845.624512	0.000000	27648.890184	7196.734329	104	127	
37741.053188	0.000000	29628.568920	8112.484268	104	128	
26948.858939	0.000000	23152.976301	3795.882638	104	129	
32173.922565	0.000000	25110.897009	7063.025556	104	130	
34262.712639	0.000000	27464.072040	6798.640599	104	131	
34996.003982	0.000000	30431.889939	4564.114043	104	132	
36800.291743	0.000000	31907.328530	4892.963213	104	133	
35095.636065	0.000000	30493.621180	4602.014885	104	134	
27479.028706	0.000000	23892.271814	3586.756892	104	135	
26745.785502	0.000000	24753.440150	1992.345352	104	136	
29446.836634	0.000000	26886.520248	2560.316387	104	137	
34015.419436	0.000000	28256.297281	5759.122155	104	138	
28217.566811	0.000000	27953.519467	264.047344	104	139	
34371.144515	0.000000	29499.683030	4871.461485	104	140	
27014.803372	0.000000	23184.103045	3830.700328	104	141	
35897.836294	0.000000	28596.076164	7301.760130	104	142	
26354.595503	0.000000	24294.913488	2059.682014	104	143	
28046.307125	0.000000	24690.048196	3356.258929	104	144	
29811.080020	0.000000	27205.636104	2605.443916	104	145	
36038.546963	0.000000	31451.131024	4587.415939	104	146	
31100.477109	0.000000	27933.895355	3166.581753	104	147	
30970.498345	0.000000	24898.164857	6072.333489	104	148	
32530.954876	0.000000	26977.140871	5553.814005	104	149	
39796.392691
